file     layer       resid       sv_min       sv_max       cond  detsgn
MINE/k       0  3.6553e-08 0.9999999645 1.0000000341 1.00000007       1
MINE/k       1  3.6362e-08 0.9999999640 1.0000000369 1.00000007       1
MINE/k       2  3.6402e-08 0.9999999655 1.0000000354 1.00000007       1
MINE/k       3  3.6505e-08 0.9999999640 1.0000000343 1.00000007      -1
MINE/k       4  3.5701e-08 0.9999999653 1.0000000328 1.00000007      -1
MINE/k       5  3.6461e-08 0.9999999632 1.0000000351 1.00000007      -1
MINE/k       6  3.6579e-08 0.9999999660 1.0000000358 1.00000007      -1
MINE/k       7  3.6704e-08 0.9999999642 1.0000000361 1.00000007       1
MINE/k       8  3.6293e-08 0.9999999652 1.0000000359 1.00000007       1
MINE/k       9  3.6470e-08 0.9999999655 1.0000000348 1.00000007      -1
MINE/k      10  3.6431e-08 0.9999999632 1.0000000356 1.00000007      -1
MINE/k      11  3.6308e-08 0.9999999638 1.0000000335 1.00000007       1
MINE/k      12  3.5899e-08 0.9999999655 1.0000000339 1.00000007       1
MINE/k      13  3.5880e-08 0.9999999658 1.0000000343 1.00000007      -1
MINE/k      14  3.6507e-08 0.9999999654 1.0000000350 1.00000007      -1
MINE/k      15  3.6231e-08 0.9999999651 1.0000000338 1.00000007      -1
MINE/k      16  3.6166e-08 0.9999999634 1.0000000361 1.00000007      -1
MINE/k      17  3.6164e-08 0.9999999646 1.0000000360 1.00000007      -1
MINE/k      18  3.6302e-08 0.9999999656 1.0000000368 1.00000007      -1
MINE/k      19  3.5460e-08 0.9999999655 1.0000000343 1.00000007      -1
MINE/k      20  3.6546e-08 0.9999999643 1.0000000356 1.00000007      -1
MINE/k      21  3.5837e-08 0.9999999664 1.0000000351 1.00000007       1
MINE/k      22  3.6246e-08 0.9999999647 1.0000000352 1.00000007      -1
MINE/k      23  3.5768e-08 0.9999999666 1.0000000350 1.00000007       1
MINE/k      24  3.5921e-08 0.9999999668 1.0000000369 1.00000007      -1
MINE/k      25  3.6290e-08 0.9999999662 1.0000000359 1.00000007      -1
MINE/k      26  3.6112e-08 0.9999999651 1.0000000338 1.00000007      -1
MINE/k      27  3.5991e-08 0.9999999663 1.0000000366 1.00000007      -1
MINE/k      28  3.6371e-08 0.9999999653 1.0000000363 1.00000007       1
MINE/k      29  3.5679e-08 0.9999999656 1.0000000354 1.00000007      -1
MINE/k      30  3.6426e-08 0.9999999642 1.0000000348 1.00000007      -1
MINE/k      31  3.5870e-08 0.9999999633 1.0000000332 1.00000007      -1
MINE/k      32  3.6208e-08 0.9999999657 1.0000000352 1.00000007      -1
MINE/k      33  3.6220e-08 0.9999999662 1.0000000344 1.00000007      -1
MINE/k      34  3.6142e-08 0.9999999662 1.0000000357 1.00000007       1
MINE/k      35  3.6313e-08 0.9999999651 1.0000000363 1.00000007       1
MINE/v       0  3.6499e-08 0.9999999642 1.0000000351 1.00000007      -1
MINE/v       1  3.5539e-08 0.9999999646 1.0000000354 1.00000007      -1
MINE/v       2  3.6058e-08 0.9999999637 1.0000000340 1.00000007       1
MINE/v       3  3.5621e-08 0.9999999670 1.0000000337 1.00000007       1
MINE/v       4  3.5882e-08 0.9999999646 1.0000000376 1.00000007       1
MINE/v       5  3.5780e-08 0.9999999641 1.0000000351 1.00000007       1
MINE/v       6  3.5660e-08 0.9999999655 1.0000000353 1.00000007      -1
MINE/v       7  3.6091e-08 0.9999999652 1.0000000354 1.00000007      -1
MINE/v       8  3.6349e-08 0.9999999638 1.0000000346 1.00000007       1
MINE/v       9  3.5964e-08 0.9999999642 1.0000000345 1.00000007      -1
MINE/v      10  3.5361e-08 0.9999999658 1.0000000358 1.00000007       1
MINE/v      11  3.6045e-08 0.9999999656 1.0000000341 1.00000007      -1
MINE/v      12  3.6350e-08 0.9999999654 1.0000000354 1.00000007       1
MINE/v      13  3.6066e-08 0.9999999658 1.0000000356 1.00000007       1
MINE/v      14  3.6438e-08 0.9999999639 1.0000000350 1.00000007      -1
MINE/v      15  3.6013e-08 0.9999999642 1.0000000334 1.00000007      -1
MINE/v      16  3.6154e-08 0.9999999635 1.0000000354 1.00000007       1
MINE/v      17  3.6272e-08 0.9999999650 1.0000000358 1.00000007      -1
MINE/v      18  3.6289e-08 0.9999999646 1.0000000361 1.00000007       1
MINE/v      19  3.6035e-08 0.9999999660 1.0000000359 1.00000007       1
MINE/v      20  3.6076e-08 0.9999999659 1.0000000347 1.00000007       1
MINE/v      21  3.6232e-08 0.9999999655 1.0000000359 1.00000007       1
MINE/v      22  3.6132e-08 0.9999999643 1.0000000366 1.00000007      -1
MINE/v      23  3.6889e-08 0.9999999653 1.0000000346 1.00000007       1
MINE/v      24  3.6752e-08 0.9999999644 1.0000000360 1.00000007       1
MINE/v      25  3.6179e-08 0.9999999644 1.0000000344 1.00000007       1
MINE/v      26  3.6824e-08 0.9999999650 1.0000000361 1.00000007      -1
MINE/v      27  3.5748e-08 0.9999999664 1.0000000354 1.00000007      -1
MINE/v      28  3.5711e-08 0.9999999656 1.0000000362 1.00000007       1
MINE/v      29  3.5936e-08 0.9999999654 1.0000000332 1.00000007       1
MINE/v      30  3.6043e-08 0.9999999652 1.0000000351 1.00000007      -1
MINE/v      31  3.6681e-08 0.9999999656 1.0000000352 1.00000007       1
MINE/v      32  3.6415e-08 0.9999999650 1.0000000345 1.00000007      -1
MINE/v      33  3.5983e-08 0.9999999648 1.0000000337 1.00000007      -1
MINE/v      34  3.6398e-08 0.9999999641 1.0000000353 1.00000007      -1
MINE/v      35  3.6361e-08 0.9999999657 1.0000000359 1.00000007      -1
ZOO/k        0  3.6395e-08 0.9999999649 1.0000000355 1.00000007      -1
ZOO/k        1  3.5899e-08 0.9999999657 1.0000000345 1.00000007       1
ZOO/k        2  3.6333e-08 0.9999999653 1.0000000365 1.00000007      -1
ZOO/k        3  3.5851e-08 0.9999999660 1.0000000342 1.00000007       1
ZOO/k        4  3.6257e-08 0.9999999644 1.0000000333 1.00000007      -1
ZOO/k        5  3.5987e-08 0.9999999645 1.0000000342 1.00000007       1
ZOO/k        6  3.5719e-08 0.9999999654 1.0000000352 1.00000007       1
ZOO/k        7  3.6047e-08 0.9999999664 1.0000000348 1.00000007      -1
ZOO/k        8  3.6232e-08 0.9999999629 1.0000000340 1.00000007      -1
ZOO/k        9  3.5970e-08 0.9999999647 1.0000000347 1.00000007      -1
ZOO/k       10  3.6505e-08 0.9999999641 1.0000000352 1.00000007       1
ZOO/k       11  3.6524e-08 0.9999999650 1.0000000368 1.00000007      -1
ZOO/k       12  3.5546e-08 0.9999999630 1.0000000329 1.00000007       1
ZOO/k       13  3.5806e-08 0.9999999666 1.0000000351 1.00000007       1
ZOO/k       14  3.6054e-08 0.9999999670 1.0000000356 1.00000007      -1
ZOO/k       15  3.5954e-08 0.9999999629 1.0000000337 1.00000007      -1
ZOO/k       16  3.5329e-08 0.9999999665 1.0000000346 1.00000007       1
ZOO/k       17  3.5528e-08 0.9999999650 1.0000000345 1.00000007       1
ZOO/k       18  3.5898e-08 0.9999999661 1.0000000353 1.00000007       1
ZOO/k       19  3.6420e-08 0.9999999635 1.0000000330 1.00000007      -1
ZOO/k       20  3.6110e-08 0.9999999639 1.0000000354 1.00000007      -1
ZOO/k       21  3.6595e-08 0.9999999648 1.0000000371 1.00000007      -1
ZOO/k       22  3.6649e-08 0.9999999637 1.0000000361 1.00000007       1
ZOO/k       23  3.5741e-08 0.9999999660 1.0000000355 1.00000007      -1
ZOO/k       24  3.5679e-08 0.9999999660 1.0000000343 1.00000007       1
ZOO/k       25  3.6709e-08 0.9999999654 1.0000000349 1.00000007       1
ZOO/k       26  3.6025e-08 0.9999999655 1.0000000360 1.00000007       1
ZOO/k       27  3.6062e-08 0.9999999635 1.0000000347 1.00000007      -1
ZOO/k       28  3.6495e-08 0.9999999648 1.0000000338 1.00000007       1
ZOO/k       29  3.6049e-08 0.9999999654 1.0000000345 1.00000007       1
ZOO/k       30  3.6533e-08 0.9999999648 1.0000000344 1.00000007      -1
ZOO/k       31  3.6769e-08 0.9999999641 1.0000000358 1.00000007      -1
ZOO/k       32  3.6172e-08 0.9999999645 1.0000000337 1.00000007      -1
ZOO/k       33  3.6446e-08 0.9999999632 1.0000000347 1.00000007      -1
ZOO/k       34  3.5869e-08 0.9999999633 1.0000000354 1.00000007       1
ZOO/k       35  3.6047e-08 0.9999999662 1.0000000352 1.00000007      -1
ZOO/v        0  3.5997e-08 0.9999999655 1.0000000346 1.00000007       1
ZOO/v        1  3.6642e-08 0.9999999645 1.0000000355 1.00000007       1
ZOO/v        2  3.5869e-08 0.9999999661 1.0000000338 1.00000007      -1
ZOO/v        3  3.6310e-08 0.9999999651 1.0000000333 1.00000007       1
ZOO/v        4  3.6687e-08 0.9999999649 1.0000000349 1.00000007      -1
ZOO/v        5  3.6057e-08 0.9999999650 1.0000000344 1.00000007      -1
ZOO/v        6  3.6481e-08 0.9999999648 1.0000000368 1.00000007       1
ZOO/v        7  3.5711e-08 0.9999999664 1.0000000345 1.00000007      -1
ZOO/v        8  3.6144e-08 0.9999999664 1.0000000373 1.00000007      -1
ZOO/v        9  3.6136e-08 0.9999999638 1.0000000359 1.00000007       1
ZOO/v       10  3.6262e-08 0.9999999649 1.0000000345 1.00000007       1
ZOO/v       11  3.6295e-08 0.9999999648 1.0000000358 1.00000007      -1
ZOO/v       12  3.6140e-08 0.9999999656 1.0000000348 1.00000007      -1
ZOO/v       13  3.6299e-08 0.9999999649 1.0000000346 1.00000007      -1
ZOO/v       14  3.5937e-08 0.9999999653 1.0000000348 1.00000007       1
ZOO/v       15  3.6560e-08 0.9999999649 1.0000000346 1.00000007      -1
ZOO/v       16  3.6180e-08 0.9999999642 1.0000000377 1.00000007       1
ZOO/v       17  3.5888e-08 0.9999999664 1.0000000348 1.00000007       1
ZOO/v       18  3.6539e-08 0.9999999649 1.0000000348 1.00000007      -1
ZOO/v       19  3.6209e-08 0.9999999653 1.0000000345 1.00000007       1
ZOO/v       20  3.5847e-08 0.9999999631 1.0000000341 1.00000007      -1
ZOO/v       21  3.5921e-08 0.9999999636 1.0000000345 1.00000007       1
ZOO/v       22  3.5948e-08 0.9999999644 1.0000000336 1.00000007      -1
ZOO/v       23  3.6705e-08 0.9999999650 1.0000000389 1.00000007      -1
ZOO/v       24  3.5793e-08 0.9999999646 1.0000000340 1.00000007      -1
ZOO/v       25  3.6287e-08 0.9999999648 1.0000000342 1.00000007      -1
ZOO/v       26  3.5822e-08 0.9999999654 1.0000000342 1.00000007       1
ZOO/v       27  3.6079e-08 0.9999999642 1.0000000346 1.00000007      -1
ZOO/v       28  3.6322e-08 0.9999999624 1.0000000352 1.00000007       1
ZOO/v       29  3.5887e-08 0.9999999644 1.0000000340 1.00000007       1
ZOO/v       30  3.5764e-08 0.9999999651 1.0000000341 1.00000007       1
ZOO/v       31  3.5923e-08 0.9999999663 1.0000000353 1.00000007       1
ZOO/v       32  3.6319e-08 0.9999999656 1.0000000367 1.00000007       1
ZOO/v       33  3.6375e-08 0.9999999642 1.0000000345 1.00000007       1
ZOO/v       34  3.5756e-08 0.9999999642 1.0000000368 1.00000007       1
ZOO/v       35  3.6810e-08 0.9999999634 1.0000000339 1.00000007       1

=== AGGREGATE ===
  matrices checked: 144  (expect 144 = 4 files x 36 layers)
  residual  min=3.5329e-08  max=3.6889e-08  mean=3.6155e-08
  threshold 1e-04: failures = 0 / 144
  margin: worst residual is 2711x inside threshold
  sv_min  min=0.999999962419   sv_max max=1.000000038862
  max |sv-1| over all singular values checked: 3.886e-08
  det sign +1 count: 68 / 144

  WORST 5 (all files):
    3.6889e-08  MINE/v layer 23  sv=[0.9999999653,1.0000000346] cond=1.00000007
    3.6824e-08  MINE/v layer 26  sv=[0.9999999650,1.0000000361] cond=1.00000007
    3.6810e-08  ZOO/v layer 35  sv=[0.9999999634,1.0000000339] cond=1.00000007
    3.6769e-08  ZOO/k layer 31  sv=[0.9999999641,1.0000000358] cond=1.00000007
    3.6752e-08  MINE/v layer 24  sv=[0.9999999644,1.0000000360] cond=1.00000007

